a 3 2 1 48 6 0 +2
b 0 1 0 0 0 3 +2
b 3 2 1 12 24 48 +2
a 96 12 6 0 6 96 +2
b 96 96 2 0 1 2 +3
a 96 12 6 0 6 2 +3
b 48 3 2 96 12 3 +1
a 0 1 3 3 6 12 +1
a 48 3 3 0 0 3 +3
b 1 12 3 1 2 0 +3
b 48 96 3 3 12 0 +1
a 48 3 2 96 12 6 +2
b 96 12 6 0 12 2 +1
b 0 1 0 0 0 2 +3
a 0 0 0 0 0 6 +3
b 3 2 1 24 96 48 +2
b 1 12 3 1 2 6 +2
b 48 96 3 3 12 1 +3
b 3 2 1 24 96 48 +3
a 0 1 0 0 0 6 +3
b 96 12 6 0 6 3 +1
b 48 3 3 0 0 0 +1
a 6 192 96 12 3 96 +2
b 0 1 0 0 0 2 +2
a 96 12 6 0 12 2 +3
a 1 12 24 24 12 96 +1
b 48 3 3 0 0 0 +3
b 1 12 3 1 2 0 +2
b 0 0 0 0 0 3 +2
b 96 192 12 0 1 3 +3
b 0 1 0 0 0 1 +3
b 0 0 0 0 0 3 +1
b 96 12 6 0 6 96 +1
a 48 3 2 96 12 3 +3
a 0 1 0 0 0 0 +3
a 3 2 1 12 24 48 +1
a 3 2 1 48 6 0 +3
b 48 96 3 3 12 0 +3
a 96 12 6 0 12 1 +3
b 48 3 2 96 12 6 +1
a 0 1 0 0 0 3 +2
b 0 1 0 0 0 3 +1
b 3 2 1 24 0 1 +2
a 0 0 0 0 0 1 +2
b 0 1 3 3 6 2 +1
b 2 1 24 6 96 96 +1
a 48 3 2 96 12 6 +1
b 48 3 3 0 0 2 +2
b 96 12 6 0 6 3 +2
a 96 12 6 0 12 2 +1
