a 3 2 1 48 6 0 +2 = 330 453.9403433 1092
b 0 1 0 0 0 3 +2 = 258 455.9653659 1092
b 3 2 1 12 24 48 +2 = 363 616.9793309 1092
a 96 12 6 0 6 96 +2 = -1
b 96 96 2 0 1 2 +3 = -1
a 96 12 6 0 6 2 +3 = 777 777 777
b 48 3 2 96 12 3 +1 = 1005 1005 1005
a 0 1 3 3 6 12 +1 = -1
a 48 3 3 0 0 3 +3 = -1
b 1 12 3 1 2 0 +3 = 258 455.9896533 1092
b 48 96 3 3 12 0 +1 = 1005 1005 1005
a 48 3 2 96 12 6 +2 = -1
b 96 12 6 0 12 2 +1 = -1
b 0 1 0 0 0 2 +3 = 258 455.9658287 1092
a 0 0 0 0 0 6 +3 = 258 455.9571735 1092
b 3 2 1 24 96 48 +2 = 1065 1075.166667 1092
b 1 12 3 1 2 6 +2 = 120 365.6626865 1092
b 48 96 3 3 12 1 +3 = 1005 1005 1005
b 3 2 1 24 96 48 +3 = 1065 1065 1065
a 0 1 0 0 0 6 +3 = 258 455.9633164 1092
b 96 12 6 0 6 3 +1 = 777 777 777
b 48 3 3 0 0 0 +1 = -1
a 6 192 96 12 3 96 +2 = -1
b 0 1 0 0 0 2 +2 = -1
a 96 12 6 0 12 2 +3 = 840 881.9814053 1092
a 1 12 24 24 12 96 +1 = -1
b 48 3 3 0 0 0 +3 = -1
b 1 12 3 1 2 0 +2 = 120 449.2128924 1092
b 0 0 0 0 0 3 +2 = 258 455.9655824 1092
b 96 192 12 0 1 3 +3 = -1
b 0 1 0 0 0 1 +3 = -1
b 0 0 0 0 0 3 +1 = 258 455.9655824 1092
b 96 12 6 0 6 96 +1 = -1
a 48 3 2 96 12 3 +3 = -1
a 0 1 0 0 0 0 +3 = 258 455.9653659 1092
a 3 2 1 12 24 48 +1 = -1
a 3 2 1 48 6 0 +3 = 330 440.9640455 1092
b 48 96 3 3 12 0 +3 = 1011 1011 1011
a 96 12 6 0 12 1 +3 = 840 881.9814053 1092
b 48 3 2 96 12 6 +1 = 1011 1011 1011
a 0 1 0 0 0 3 +2 = 258 455.9656906 1092
b 0 1 0 0 0 3 +1 = -1
b 3 2 1 24 0 1 +2 = 258 455.2900028 1092
a 0 0 0 0 0 1 +2 = 258 455.9658287 1092
b 0 1 3 3 6 2 +1 = 96 448.6777427 1092
b 2 1 24 6 96 96 +1 = -1
a 48 3 2 96 12 6 +1 = -1
b 48 3 3 0 0 2 +2 = -1
b 96 12 6 0 6 3 +2 = 777 777 777
a 96 12 6 0 12 2 +1 = 822 822 822
